  2  8 10  9 11  0  0  0  0  0  0  0  0  0  0
  2  5 11  0  0  0  0  0  0  0  0  0  0  0  0
  5 11  0  0  0  0  0  0  0  0  0  0  0  0  0
  2 11  0  0  0  0  0  0  0  0  0  0  0  0  0
  4 11  0  0  0  0  0  0  0  0  0  0  0  0  0
  1 11  0  0  0  0  0  0  0  0  0  0  0  0  0
  3 11  0  0  0  0  0  0  0  0  0  0  0  0  0
  8 11  0  0  0  0  0  0  0  0  0  0  0  0  0
 10 11  0  0  0  0  0  0  0  0  0  0  0  0  0
  9 11  0  0  0  0  0  0  0  0  0  0  0  0  0
  7 11  0  0  0  0  0  0  0  0  0  0  0  0  0
  0  0  0  0  0  0  0  0  0  0  0  0  0  0  0
  0  0  0  0  0  0  0  0  0  0  0  0  0  0  0
  0  0  0  0  0  0  0  0  0  0  0  0  0  0  0
  0  0  0  0  0  0  0  0  0  0  0  0  0  0  0
  0  0  0  0  0  0  0  0  0  0  0  0  0  0  0
  0  0  0  0  0  0  0  0  0  0  0  0  0  0  0
  0  0  0  0  0  0  0  0  0  0  0  0  0  0  0
  0  0  0  0  0  0  0  0  0  0  0  0  0  0  0
  0  0  0  0  0  0  0  0  0  0  0  0  0  0  0
Полного расчета
Доработки/оптим
Рейтинг-Оптим.
Полн.анал.расч.
Коротк.ан.расч.
Полн.быстрый
Коротк.быстрый
Мягкой оптимиз.
Жесткой опт-ции
Двойной опт-ции
Оптим. препод.
Мастер 12
Мастер 13
Мастер 14
Мастер 15
Мастер 16
Мастер 17
Мастер 18
Мастер 19
Мастер 20

