9
  2   0 0 254 255 255 255 255 255 255 255 255 255 255   7 Монина О.Е.
  2   0 0 254 255 255 255 255 255 255 255 255 255 255   7 Мяэотс О.Н.
  2   0 0 254 255 255 255 255 255 255 255 255 255 255   7 Никитина Т.Ю.
  2   0 0 254 255 255 255 255 255 255 255 255 255 255   7 Патрушева М.Б.
  2   0 0 254 255 255 255 255 255 255 255 255 255 255   7 Попова Е.А.
  2   0 0 254 255 255 255 255 255 255 255 255 255 255   7 Розанова Н.Н.
  2   0 0 254 255 255 255 255 255 255 255 255 255 255   7 Силина Е.А.
  2   0 0 254 255 255 255 255 255 255 255 255 255 255   7 Цепилова В.А.
  2   0 0 254 255 255 255 255 255 255 255 255 255 255   7 Чернов А.Н.
